###Montando as matrizes para os testes
./geraFloat 1024 1024 1024_A.dat  
./geraFloat 1024 1024 1024_B.dat  
./geraFloat 2048 2048 2048_A.dat  
./geraFloat 2048 2048 2048_B.dat  



Processador--> 13th Gen Intel(R) Core(TM) i5-13400F (16) @ 4.60 GHz


######### 1024x1024 #############################3
./testMat 1.0 1024 1024 1024 1024 1024_A.dat 1024_B.dat result1_1024.dat result2_1024.dat                                                                                                           ─╯
Scalar-matrix multiplication time: 2.236000 ms
Matrix-matrix multiplication time: 2345.147949 ms
Matrix Matriz A::
6.461442 3.362277 3.708334 0.206587 8.864135 8.092908 3.018718 9.125959 1.147560 3.725578 6.367963 1.492755 6.970246 3.492899 7.438651 0.977604 
0.264506 3.083222 0.392176 8.734139 7.187006 3.755177 2.764570 4.073169 7.247005 0.478495 0.035982 0.479239 3.137346 7.272773 3.701471 9.598787 
0.635050 7.409806 9.805373 9.499185 5.502713 2.824091 8.625144 6.650272 6.549669 4.993108 8.143027 3.519915 8.486006 5.581679 4.497519 8.750512 
8.664902 4.889695 7.484652 5.851907 8.644872 0.249223 9.925076 5.891876 0.727717 9.961058 6.371115 3.865063 7.233830 0.072586 3.463850 7.868881 
7.482391 3.269224 7.368066 2.985104 6.093315 5.993210 9.635377 2.642984 0.986318 7.778404 6.162899 9.472324 3.360083 0.660418 8.222836 2.024984 
5.550113 5.707488 7.876892 4.194985 5.956711 7.801967 0.086861 6.684428 7.763024 6.457975 0.549491 4.996856 6.530561 4.013340 2.865736 4.012952 
7.282564 0.233802 6.998057 3.375879 6.227012 6.633433 6.018863 7.213330 4.411838 2.181762 6.685654 7.771921 2.842180 4.908490 9.796905 8.392294 
0.615978 7.673797 2.587278 6.572690 5.475764 2.674139 3.257117 3.238789 9.132114 3.806608 8.235644 5.662676 7.819949 1.101380 9.675629 5.102513 
1.335182 6.673685 8.478392 7.562194 3.307118 4.497254 4.775524 7.718956 6.679016 1.461178 5.490877 9.521196 6.369668 5.287782 7.913490 6.985646 
2.961578 0.500768 3.558335 8.437342 3.174907 6.815453 1.676130 2.307022 0.622060 9.911775 7.969698 8.442009 1.013155 7.645326 3.544522 2.348337 
4.319011 2.022913 9.910531 7.626129 6.520167 4.686055 5.345085 3.199184 6.147233 0.835962 2.720380 2.516900 6.123744 0.633869 9.502546 9.085322 
1.134637 3.060882 7.522664 4.309545 9.876334 9.198794 6.616566 0.498394 9.110569 4.586264 8.940403 0.123723 2.231590 2.484925 2.472060 6.550601 
4.507838 2.382591 4.176730 1.028005 7.068646 9.521814 4.227189 3.215878 0.357777 6.947569 5.732779 6.481521 7.581438 5.235325 5.566843 8.716076 
8.296206 3.089507 3.025620 8.172540 2.288301 9.642186 8.670935 1.398870 4.228450 7.611338 1.522593 6.460040 0.096262 3.994654 3.010640 4.604100 
6.377245 7.187369 5.632105 3.445891 6.709185 9.859294 6.661770 7.066961 6.806862 2.394549 3.548481 4.388300 7.629874 9.115324 3.104376 5.926080 
2.204831 6.129995 4.098620 4.493132 5.772181 2.769555 5.892002 0.000631 0.380893 7.414596 6.460671 0.477155 1.409249 9.471311 5.081255 7.786494 

Matrix Matriz B::
2.957790 8.159054 6.855559 4.403429 4.920328 1.330814 4.666354 6.844132 9.466418 3.787604 6.954984 1.197733 6.025081 6.620504 6.928834 3.525732 
1.184286 3.937068 6.950490 3.469828 6.531748 6.968160 9.959795 6.350254 5.974746 4.262940 7.640307 7.152829 3.712724 6.131865 0.596865 6.670514 
4.290918 7.452424 1.073943 9.211246 8.783237 5.740296 6.055379 8.249657 9.527901 3.010362 9.447390 5.552982 9.630866 6.376224 9.078714 0.815152 
0.313292 6.029205 4.284981 6.845039 2.997365 4.244776 3.195293 8.972112 8.507716 0.835600 6.124940 2.220440 6.967464 6.721804 8.890954 1.258382 
4.174229 9.964896 0.469628 2.957467 5.705193 6.525007 1.207123 5.233093 9.535369 0.654513 0.786075 9.166235 7.030737 9.864790 9.981388 7.344028 
5.893994 4.266369 4.189067 8.891360 8.511145 7.384360 7.863471 7.018861 8.219961 3.988411 9.239300 5.187425 0.710215 8.130254 6.445807 4.884444 
8.095149 6.915436 7.841910 3.800342 3.440442 9.049033 9.033435 2.975812 9.703547 9.819510 2.142047 6.734283 9.684299 2.123435 4.078311 5.578294 
6.389804 8.267379 4.469654 4.900948 5.651740 2.333126 1.919809 3.871701 6.321536 1.159109 9.059126 7.031752 9.289362 5.504933 1.916195 7.384512 
2.420368 9.758106 1.184854 5.860811 8.807139 0.218289 8.836622 8.510686 0.037799 0.978670 5.244968 9.722098 3.102105 9.323280 5.300393 9.491909 
7.590659 9.770048 4.392857 3.242399 2.103173 6.312665 7.114100 8.424709 7.471774 6.173225 5.456461 6.761136 1.678158 7.372656 4.145648 4.098526 
7.130762 5.330501 9.959337 5.937901 5.548790 8.795959 4.448587 5.586588 9.774629 9.693556 5.308687 2.876734 9.016836 0.609080 2.368643 6.607495 
0.379128 6.761499 9.849894 2.482301 3.074165 6.963993 0.907010 0.545939 3.137218 6.363471 7.307075 4.815376 3.736128 1.452722 8.913902 0.866890 
6.783223 8.873240 6.804791 2.332013 7.669199 1.253379 7.918601 7.443828 0.946935 3.227289 0.320561 9.963771 3.836369 2.689204 6.571266 4.215497 
9.450704 6.421161 6.697798 2.524868 3.385154 7.604808 3.070807 6.522372 3.968279 0.377882 1.337748 7.704406 1.830604 0.251650 8.571297 8.613827 
9.124889 5.376087 0.945840 6.794088 6.629466 8.864442 4.237915 7.576401 2.091730 4.558477 7.540171 5.928099 7.247681 4.111437 0.143596 6.698385 
0.532598 6.841393 9.223253 3.917752 4.446201 2.294060 0.440124 8.414480 2.671942 1.777873 6.118887 4.502545 2.029523 4.690183 3.116373 1.154413 

Matrix Matriz C::
26463.517578 25928.187500 26011.166016 26792.220703 26405.869141 26009.076172 25841.626953 25491.970703 26377.328125 26714.212891 26409.343750 26013.888672 25921.214844 26278.689453 25679.898438 26144.207031 
25592.939453 25329.027344 25484.781250 26025.896484 26577.179688 26341.812500 26002.527344 26287.386719 25851.455078 25190.005859 25648.070312 26323.615234 25880.755859 25654.871094 26039.783203 26001.589844 
25797.884766 25976.144531 26994.974609 24999.119141 25360.431641 26166.933594 26877.220703 25808.802734 25893.005859 25222.820312 25778.003906 25613.339844 25741.380859 25695.929688 25926.177734 25487.898438 
26563.498047 25264.238281 25301.171875 26389.119141 26021.095703 25692.871094 24155.392578 24954.480469 26361.458984 26569.218750 25104.896484 25023.003906 25206.166016 26162.009766 25380.173828 25612.011719 
25287.267578 25908.871094 26092.464844 26260.916016 25894.828125 25553.845703 25432.880859 26585.488281 25913.853516 26305.347656 25791.060547 26319.726562 26477.687500 26479.195312 26516.861328 26667.937500 
26351.648438 25890.566406 25513.398438 26094.703125 26426.064453 26034.652344 25508.445312 26059.273438 25965.392578 26054.230469 26741.941406 25705.447266 25315.722656 25372.404297 25994.759766 25879.949219 
27015.083984 25495.203125 26268.292969 26529.951172 25893.468750 25955.726562 25871.441406 25676.638672 25157.628906 26180.410156 26175.820312 26614.626953 25540.808594 25525.556641 26166.832031 25354.726562 
25668.361328 26839.240234 25910.732422 25694.890625 26014.845703 25667.119141 26818.712891 25845.933594 25110.751953 25464.929688 25779.306641 25955.638672 26411.576172 27107.423828 25974.833984 26427.503906 
26343.515625 25426.312500 25190.960938 25685.242188 25756.730469 26352.888672 27152.361328 26937.011719 25808.392578 25393.839844 25657.109375 26703.136719 25930.740234 26694.664062 25617.271484 26917.066406 
26571.185547 25009.208984 26545.595703 26115.851562 26079.732422 26025.660156 26093.302734 25598.353516 25840.097656 25795.125000 26375.732422 25730.931641 26762.410156 26138.763672 25535.361328 26384.455078 
25731.994141 26166.230469 25837.072266 24653.380859 24703.732422 25571.095703 26356.037109 25980.902344 27047.958984 26156.652344 26399.175781 26457.169922 25992.773438 26658.089844 25935.197266 27525.021484 
26521.419922 26338.632812 25838.046875 25924.710938 26373.470703 25396.048828 25820.373047 26552.597656 25083.789062 25580.410156 26118.107422 25334.818359 25918.119141 24896.218750 25856.818359 25606.179688 
25848.630859 25676.863281 25833.683594 25865.242188 25721.669922 25696.115234 25458.228516 26196.947266 26104.353516 25943.800781 25168.539062 26494.576172 26508.974609 26026.818359 25557.056641 25803.771484 
25861.042969 26770.035156 25650.046875 26099.771484 26246.298828 27057.582031 25629.308594 24867.779297 25977.205078 25776.636719 25573.642578 25781.828125 26158.603516 26543.691406 25263.609375 25142.619141 
26101.990234 26157.912109 25700.113281 24862.990234 25827.138672 26488.226562 26248.863281 25758.966797 26636.771484 25642.537109 25887.332031 25328.701172 25761.902344 25652.488281 24820.326172 25950.136719 
25504.363281 26555.183594 25271.281250 26426.572266 27212.306641 26330.445312 26487.750000 26195.179688 25264.296875 26747.798828 26430.726562 26181.296875 25261.248047 26066.619141 25591.175781 25978.828125 

Overall time: 2359.060059 ms

######### 2048x2048 #############################3
./testMat 1.0 2048 2048 2048 2048 2048_A.dat 2048_B.dat result1_2048.dat result2_2048.dat                                                                                                           ─╯
Scalar-matrix multiplication time: 5.065000 ms
Matrix-matrix multiplication time: 17723.501953 ms
Matrix Matriz A::
1.081770 6.673446 9.382655 0.261143 2.422593 8.316044 3.303621 7.943744 2.544865 4.926085 3.809011 2.001371 7.333780 6.525562 0.386789 0.927241 
5.774180 4.212879 3.753044 9.324691 0.359887 9.884296 8.624226 1.960083 9.733273 0.489141 7.613794 9.457446 1.483054 0.904531 7.826571 2.564824 
7.577977 7.209226 2.825967 0.000570 5.525270 6.129588 7.944314 8.070134 1.055673 1.753324 0.071505 8.389453 8.278887 0.458295 9.316694 4.053067 
4.671174 3.069738 3.377758 5.031061 2.954035 2.001983 6.991143 2.687308 2.491124 4.604938 2.144753 3.974178 5.509469 9.971324 6.539001 3.087445 
7.180550 9.364968 3.088016 2.705819 5.494557 1.032329 0.775954 6.550230 2.785654 0.847459 4.939683 1.064540 1.305754 4.256378 5.117608 5.976928 
7.326116 8.495365 1.007989 0.280151 0.497349 7.999132 2.967458 2.988472 2.604070 5.112212 6.962650 8.113539 5.083535 3.501652 1.200984 2.264084 
2.866621 4.289000 4.969904 8.361177 5.321329 5.745858 4.911407 8.106982 6.593318 9.851090 9.171522 7.899072 4.107468 4.289130 3.876000 1.433583 
2.784495 4.883988 1.713734 3.281844 2.883121 4.681192 6.270317 5.487190 9.793404 3.232967 3.600729 4.876939 6.734619 4.801713 7.141023 9.601239 
9.090712 2.110927 7.962418 4.412041 7.856785 2.873825 2.519023 4.450102 2.724915 1.690545 2.349174 6.832383 5.979675 6.225173 8.265966 8.764171 
1.109162 9.979700 2.046015 3.992283 4.660893 8.316332 9.479473 4.454297 1.549299 3.080202 9.331237 8.283918 7.881915 6.472260 7.885158 6.972628 
8.583187 5.847576 1.384668 6.439972 8.721400 3.903692 0.890074 1.446315 5.594237 3.239248 8.278698 1.573912 9.464421 6.544664 0.338083 0.573584 
6.524365 2.384098 4.565866 1.185258 0.700430 4.045340 5.639555 2.249728 7.125543 4.970792 0.533647 5.007458 1.443052 8.418805 1.980085 0.026239 
4.266380 3.364754 6.466210 2.987780 7.268445 7.356285 4.434095 2.862682 0.595533 2.712793 4.436594 0.059954 9.257458 4.774676 0.633538 5.781822 
7.158774 5.199405 6.967081 7.859204 9.244745 2.606636 0.108932 6.370287 7.577428 0.642579 1.377745 9.020480 9.061383 3.357830 9.046719 3.327764 
6.722584 5.512929 6.315544 3.991029 2.869214 0.749639 6.853711 3.464746 3.462432 1.290305 3.524701 2.719890 6.064981 4.158239 8.501712 3.223756 
9.357643 5.468793 1.082959 8.602388 8.075429 1.191892 4.972676 5.652857 1.834471 6.350421 4.673337 0.895854 9.708251 3.720055 4.223618 6.430836 

Matrix Matriz B::
1.740523 5.125232 7.256829 2.449937 0.032819 4.457547 8.854706 1.110467 0.292652 1.529296 8.394020 0.484377 1.268811 4.413970 5.671243 2.525432 
3.464395 3.578661 6.001108 2.800176 2.387591 7.683471 5.454934 2.020717 0.507247 1.253996 4.109282 6.582031 2.712535 3.214911 8.113718 4.453058 
8.340143 5.370547 6.902995 8.372962 9.828094 5.757702 9.483429 0.120746 7.286998 7.877450 0.605123 8.555809 2.291420 6.276365 1.081240 5.755815 
9.855026 7.082348 8.555990 2.242618 4.765820 4.010924 4.263334 5.273066 5.264921 8.372617 1.855098 7.977457 1.587528 9.968816 2.430514 9.927671 
5.339363 9.333509 8.300633 5.167458 5.091211 7.784063 5.288203 2.378209 5.661512 5.893326 0.934018 7.952933 2.169692 2.015258 3.708747 2.024719 
9.097606 2.264737 4.267336 3.863425 6.275661 8.530671 9.136492 1.540582 6.903288 0.991589 9.518039 8.490815 0.960405 1.948553 8.418487 6.299768 
1.282063 6.719121 1.467225 6.373274 4.503183 6.755428 8.751483 0.164696 2.648755 9.685500 8.117629 4.818447 1.700758 1.826376 6.843166 0.798364 
4.091113 1.110502 4.661789 0.366775 9.641172 3.798281 1.907357 6.544460 4.789870 1.425396 5.035276 5.750275 3.373949 3.453763 2.050043 4.656012 
0.172883 3.517268 1.029285 4.676066 0.272696 9.780768 4.840763 2.921451 9.466269 2.958391 7.739898 1.167027 4.784767 4.583063 1.965392 8.875880 
5.693565 6.627181 9.242655 5.334738 0.425462 1.150013 1.879198 5.215331 2.575409 6.914474 0.965606 5.949358 0.368236 3.015649 0.605369 0.541120 
6.532917 1.634655 5.217186 6.805613 1.415423 0.057949 9.727064 0.881692 3.016340 7.466961 2.048719 7.801107 2.050025 4.014111 6.676988 7.743590 
0.641292 5.919643 3.078328 1.066754 7.069655 4.957526 6.282085 9.645064 1.872000 7.247691 5.594422 2.240236 0.263340 6.199791 2.781356 6.796257 
7.834446 7.998542 3.601869 9.249869 8.056490 3.328933 0.131561 1.072831 0.795894 2.180280 8.873938 2.845919 6.194391 5.550926 0.589509 6.835682 
1.470569 3.667836 7.902436 8.540224 8.625362 4.184522 8.185289 0.497362 1.432213 3.779711 2.737598 1.695553 9.979502 5.518954 8.491810 7.813949 
3.517496 2.093679 7.063818 1.573986 5.422612 7.195378 2.646817 6.218507 9.375658 1.520755 9.064425 5.570049 7.071681 9.653934 2.405732 8.542249 
3.321770 0.308168 7.082473 1.947133 4.492690 5.267762 2.444494 5.924902 9.047472 5.182092 7.620456 9.026975 0.701046 6.112266 6.840923 4.218542 

Matrix Matriz C::
51347.785156 50727.062500 53099.167969 51006.222656 50917.332031 49600.011719 51742.738281 50579.125000 51453.179688 51284.394531 49879.773438 50783.144531 50848.777344 50945.398438 51541.714844 51388.445312 
50472.609375 51531.988281 50958.796875 50053.765625 51844.621094 51031.128906 51068.148438 49250.550781 51755.648438 50157.906250 52199.246094 51666.832031 52325.136719 52087.738281 51638.167969 52297.503906 
52520.773438 51319.531250 51976.246094 52274.625000 51860.804688 51031.781250 51513.390625 50443.070312 51252.984375 51509.687500 51174.042969 50872.496094 51911.097656 50827.417969 52399.546875 51757.976562 
50401.949219 51499.582031 50164.660156 50326.113281 51037.445312 49291.144531 51014.015625 50821.804688 50210.699219 52042.718750 51594.628906 51451.968750 50788.773438 51360.031250 51184.460938 51040.378906 
51949.300781 51343.804688 51590.824219 51515.523438 50432.828125 50604.667969 50299.304688 51830.941406 52056.382812 52482.324219 50489.160156 49891.285156 50763.378906 51314.238281 50532.144531 51097.851562 
50407.257812 51066.160156 51036.335938 51253.113281 50434.972656 50501.035156 50428.039062 50299.316406 51467.156250 52321.296875 50435.441406 51264.890625 51712.812500 50876.941406 50795.136719 50831.656250 
50821.738281 49903.683594 51352.695312 50867.148438 50408.480469 52284.933594 50321.812500 51206.480469 51230.179688 50790.054688 51949.496094 51112.382812 52081.218750 51559.753906 50709.812500 50729.984375 
50374.890625 52181.917969 51958.453125 51270.437500 50975.347656 51479.804688 51053.210938 51786.902344 50413.945312 52353.019531 50498.937500 51879.492188 51542.429688 50525.417969 50613.164062 52332.425781 
52115.906250 51752.710938 51303.269531 52091.156250 50290.097656 50217.250000 50654.253906 51565.652344 52156.355469 50900.960938 51256.636719 51645.371094 51631.781250 52440.570312 51035.003906 51917.867188 
51907.785156 52073.042969 52756.480469 50175.535156 50766.242188 51803.917969 51336.476562 51620.324219 51079.539062 50544.312500 51691.722656 50805.011719 51463.097656 51407.445312 51202.582031 50094.714844 
50555.410156 50588.828125 51966.480469 51417.871094 52018.308594 50099.332031 52581.066406 51412.785156 51390.886719 51550.738281 51401.507812 51752.140625 52252.906250 51088.093750 50828.691406 51421.179688 
50620.234375 51464.425781 50875.695312 50304.843750 51511.199219 52538.214844 52700.621094 51242.562500 50325.796875 51698.800781 51933.449219 51699.917969 51908.906250 51746.039062 51112.660156 51029.531250 
50452.859375 50101.144531 51525.281250 50485.992188 51108.562500 51906.656250 50102.218750 51980.019531 51638.246094 52080.214844 50280.554688 50748.101562 51221.207031 52059.570312 51921.847656 50275.371094 
52613.292969 51626.902344 51807.296875 51432.324219 51432.152344 51117.425781 50729.093750 52255.804688 50460.515625 51927.480469 51623.007812 52148.632812 50583.570312 51407.746094 50411.027344 51103.082031 
51415.882812 51466.945312 50134.507812 52193.152344 50523.882812 51375.015625 51335.230469 52262.378906 50132.921875 50878.832031 51480.355469 51522.375000 51636.789062 51972.781250 52380.250000 51138.687500 
51621.156250 52101.515625 52118.351562 51058.652344 51718.804688 51183.179688 50797.433594 49415.082031 53613.246094 51048.234375 51882.511719 49782.468750 51561.191406 51107.226562 50250.933594 49874.792969 

Overall time: 17761.804688 ms



Análise Comparativa:
    AxB=C 
        1024-->2345.147949 ms
        2048-->17723.501953 ms
        Multiplicação demorou quase 8x mais.

