Processador--> 13th Gen Intel(R) Core(TM) i5-13400F (16) @ 4.60 GHz

gcc -mfma matrix_lib.c matrix_lib_test.c timer.c -o t2
######### 1024x1024 #############################3
./t2 77.0 1024 1024 1024 1024 1024_A.dat 1024_B.dat result1_1024.dat result2_1024.dat                                                                                                           ─╯


Scalar-matrix multiplication time: 1.752000 ms
Matrix-matrix multiplication time: 588.049011 ms
Matrix Matriz A::
6775312.500000 3525603.000000 3888470.250000 216622.062500 9294719.000000 8486029.000000 3165354.750000 9569262.000000 1203303.625000 3906551.500000 6677293.000000 1565267.000000 7308832.500000 3662569.750000 7799991.000000 1025092.437500 
277354.250000 3232993.000000 411225.968750 9158409.000000 7536122.000000 3937588.000000 2898862.250000 4271027.000000 7599035.000000 501738.062500 37729.761719 502518.312500 3289745.250000 7626055.000000 3881273.750000 10065058.000000 
665898.250000 7769744.500000 10281679.000000 9960617.000000 5770012.500000 2961274.500000 9044119.000000 6973316.000000 6867825.500000 5235653.000000 8538583.000000 3690898.500000 8898222.000000 5852814.500000 4715991.000000 9175577.000000 
9085808.000000 5127217.000000 7848226.000000 6136169.500000 9064805.000000 261328.781250 10407196.000000 6178079.500000 763066.875000 10444926.000000 6680598.000000 4052812.250000 7585221.000000 76111.765625 3632109.750000 8251119.500000 
7845855.500000 3428029.500000 7725977.000000 3130108.500000 6389304.000000 6284336.000000 10103425.000000 2771369.750000 1034229.125000 8156248.000000 6462268.000000 9932452.000000 3523302.500000 692498.750000 8622269.000000 2123350.000000 
5819715.500000 5984735.000000 8259519.500000 4398760.500000 6246064.000000 8180955.500000 91080.117188 7009130.500000 8140121.000000 6771678.000000 576182.875000 5239583.000000 6847790.000000 4208292.500000 3004942.500000 4207885.500000 
7636322.000000 245158.984375 7337994.500000 3539865.500000 6529495.000000 6955659.000000 6311235.000000 7563724.500000 4626147.000000 2287743.000000 7010416.000000 8149449.500000 2980242.000000 5146925.000000 10272799.000000 8799958.000000 
645900.062500 8046559.000000 2712958.000000 6891964.500000 5741754.500000 2804038.000000 3415335.000000 3396116.000000 9575716.000000 3991517.750000 8635699.000000 5937746.000000 8199810.500000 1154881.000000 10145632.000000 5350372.500000 
1400040.000000 6997865.500000 8890238.000000 7929535.000000 3467765.000000 4715713.000000 5007499.500000 8093912.000000 7003456.000000 1532155.750000 5757602.000000 9983698.000000 6679080.500000 5544641.000000 8297895.500000 7324980.500000 
3105440.000000 525093.312500 3731185.000000 8847194.000000 3329131.500000 7146520.000000 1757550.000000 2419087.500000 652277.625000 10393249.000000 8356834.000000 8852088.000000 1062369.750000 8016705.000000 3716700.250000 2462409.750000 
4528811.000000 2121178.000000 10391945.000000 7996576.000000 6836891.000000 4913684.500000 5604728.000000 3354587.250000 6445840.500000 876569.625000 2852525.000000 2639161.250000 6421210.500000 664660.250000 9964142.000000 9526651.000000 
1189753.625000 3209567.000000 7888085.000000 4518885.000000 10356087.000000 9645635.000000 6937972.500000 522604.218750 9553124.000000 4809046.000000 9374692.000000 129733.437500 2339991.500000 2605632.500000 2592143.000000 6868802.500000 
4726810.500000 2498328.000000 4379618.500000 1077941.500000 7412012.500000 9984346.000000 4432528.500000 3372093.000000 375156.000000 7285054.000000 6011254.500000 6796367.000000 7949714.000000 5489636.000000 5837257.500000 9139468.000000 
8699203.000000 3239582.750000 3172592.250000 8569529.000000 2399457.750000 10110565.000000 9092134.000000 1466821.375000 4433851.000000 7981066.000000 1596554.875000 6773842.500000 100938.507812 4188698.000000 3156885.000000 4827749.000000 
6687026.000000 7536503.000000 5905690.500000 3613279.000000 7035090.000000 10338219.000000 6985372.000000 7410245.500000 7137512.500000 2510866.250000 3720852.500000 4601466.000000 8000502.500000 9558110.000000 3255173.750000 6213945.500000 
2311932.750000 6427766.000000 4297715.000000 4711390.500000 6052570.500000 2904088.750000 6178212.000000 661.816406 399394.937500 7774767.000000 6774504.500000 500333.437500 1477705.000000 9931389.000000 5328082.500000 8164731.000000 
Matrix Matriz B::
2.957790 8.159054 6.855559 4.403429 4.920328 1.330814 4.666354 6.844132 9.466418 3.787604 6.954984 1.197733 6.025081 6.620504 6.928834 3.525732 
1.184286 3.937068 6.950490 3.469828 6.531748 6.968160 9.959795 6.350254 5.974746 4.262940 7.640307 7.152829 3.712724 6.131865 0.596865 6.670514 
4.290918 7.452424 1.073943 9.211246 8.783237 5.740296 6.055379 8.249657 9.527901 3.010362 9.447390 5.552982 9.630866 6.376224 9.078714 0.815152 
0.313292 6.029205 4.284981 6.845039 2.997365 4.244776 3.195293 8.972112 8.507716 0.835600 6.124940 2.220440 6.967464 6.721804 8.890954 1.258382 
4.174229 9.964896 0.469628 2.957467 5.705193 6.525007 1.207123 5.233093 9.535369 0.654513 0.786075 9.166235 7.030737 9.864790 9.981388 7.344028 
5.893994 4.266369 4.189067 8.891360 8.511145 7.384360 7.863471 7.018861 8.219961 3.988411 9.239300 5.187425 0.710215 8.130254 6.445807 4.884444 
8.095149 6.915436 7.841910 3.800342 3.440442 9.049033 9.033435 2.975812 9.703547 9.819510 2.142047 6.734283 9.684299 2.123435 4.078311 5.578294 
6.389804 8.267379 4.469654 4.900948 5.651740 2.333126 1.919809 3.871701 6.321536 1.159109 9.059126 7.031752 9.289362 5.504933 1.916195 7.384512 
2.420368 9.758106 1.184854 5.860811 8.807139 0.218289 8.836622 8.510686 0.037799 0.978670 5.244968 9.722098 3.102105 9.323280 5.300393 9.491909 
7.590659 9.770048 4.392857 3.242399 2.103173 6.312665 7.114100 8.424709 7.471774 6.173225 5.456461 6.761136 1.678158 7.372656 4.145648 4.098526 
7.130762 5.330501 9.959337 5.937901 5.548790 8.795959 4.448587 5.586588 9.774629 9.693556 5.308687 2.876734 9.016836 0.609080 2.368643 6.607495 
0.379128 6.761499 9.849894 2.482301 3.074165 6.963993 0.907010 0.545939 3.137218 6.363471 7.307075 4.815376 3.736128 1.452722 8.913902 0.866890 
6.783223 8.873240 6.804791 2.332013 7.669199 1.253379 7.918601 7.443828 0.946935 3.227289 0.320561 9.963771 3.836369 2.689204 6.571266 4.215497 
9.450704 6.421161 6.697798 2.524868 3.385154 7.604808 3.070807 6.522372 3.968279 0.377882 1.337748 7.704406 1.830604 0.251650 8.571297 8.613827 
9.124889 5.376087 0.945840 6.794088 6.629466 8.864442 4.237915 7.576401 2.091730 4.558477 7.540171 5.928099 7.247681 4.111437 0.143596 6.698385 
0.532598 6.841393 9.223253 3.917752 4.446201 2.294060 0.440124 8.414480 2.671942 1.777873 6.118887 4.502545 2.029523 4.690183 3.116373 1.154413 
Matrix Matriz C::
27749009408.000000 27187675136.000000 27274684416.000000 28093681664.000000 27688560640.000000 27272495104.000000 27096909824.000000 26730268672.000000 27658633216.000000 28011882496.000000 27692204032.000000 27277539328.000000 27180363776.000000 27555203072.000000 26927327232.000000 27414188032.000000 
26836142080.000000 26559412224.000000 26722729984.000000 27290132480.000000 27868194816.000000 27621394432.000000 27265626112.000000 27564322816.000000 27107217408.000000 26413635584.000000 26893950976.000000 27602311168.000000 27137939456.000000 26901080064.000000 27304691712.000000 27264643072.000000 
27051042816.000000 27237961728.000000 28306282496.000000 26213476352.000000 26592335872.000000 27438018560.000000 28182810624.000000 27062491136.000000 27150784512.000000 26448048128.000000 27030196224.000000 26857537536.000000 26991792128.000000 26944135168.000000 27185567744.000000 26726000640.000000 
27853846528.000000 26491473920.000000 26530201600.000000 27670994944.000000 27285096448.000000 26940928000.000000 25328764928.000000 26166667264.000000 27641991168.000000 27859845120.000000 26324391936.000000 26238521344.000000 26430580736.000000 27432855552.000000 26613041152.000000 26856140800.000000 
26515621888.000000 27167420416.000000 27359932416.000000 27536566272.000000 27152695296.000000 26795151360.000000 26668308480.000000 27876904960.000000 27172644864.000000 27583156224.000000 27043889152.000000 27598233600.000000 27763867648.000000 27765448704.000000 27804944384.000000 27963359232.000000 
27631706112.000000 27148228608.000000 26752737280.000000 27362277376.000000 27709736960.000000 27299311616.000000 26747541504.000000 27325130752.000000 27226689536.000000 27319838720.000000 28040957952.000000 26954117120.000000 26545459200.000000 26604892160.000000 27257481216.000000 27137093632.000000 
28327368704.000000 26733656064.000000 27544299520.000000 27818672128.000000 27151267840.000000 27216553984.000000 27128172544.000000 26923907072.000000 26379683840.000000 27452149760.000000 27447336960.000000 27907461120.000000 26781480960.000000 26765488128.000000 27437910016.000000 26586355712.000000 
26915227648.000000 28142981120.000000 27169372160.000000 26943045632.000000 27278542848.000000 26913925120.000000 28121460736.000000 27101425664.000000 26330531840.000000 26701916160.000000 27031562240.000000 27216461824.000000 27694544896.000000 28424196096.000000 27236587520.000000 27711246336.000000 
27623180288.000000 26661423104.000000 26414637056.000000 26932928512.000000 27007889408.000000 27633004544.000000 28471316480.000000 28245506048.000000 27062061056.000000 26627366912.000000 26903427072.000000 28000268288.000000 27190351872.000000 27991384064.000000 26861656064.000000 28224589824.000000 
27861907456.000000 26224054272.000000 27835074560.000000 27384455168.000000 27346581504.000000 27289880576.000000 27360811008.000000 26841817088.000000 27095306240.000000 27048148992.000000 27656960000.000000 26980837376.000000 28062423040.000000 27408480256.000000 26775764992.000000 27666106368.000000 
26981951488.000000 27437279232.000000 27092133888.000000 25850943488.000000 25903736832.000000 26813239296.000000 27636307968.000000 27242952704.000000 28361840640.000000 27427237888.000000 27681542144.000000 27742355456.000000 27255398400.000000 27953033216.000000 27195025408.000000 28862074880.000000 
27809724416.000000 27618058240.000000 27093155840.000000 27184027648.000000 27654590464.000000 26629685248.000000 27074625536.000000 27842414592.000000 26302259200.000000 26823006208.000000 27386818560.000000 26565482496.000000 27177117696.000000 26105577472.000000 27112839168.000000 26850027520.000000 
27104251904.000000 26924144640.000000 27088578560.000000 27121672192.000000 26971125760.000000 26944327680.000000 26694887424.000000 27469488128.000000 27372398592.000000 27204048896.000000 26391126016.000000 27781574656.000000 27796674560.000000 27291095040.000000 26798516224.000000 27057215488.000000 
27117268992.000000 28070414336.000000 26896023552.000000 27367593984.000000 27521239040.000000 28371929088.000000 26874279936.000000 26075758592.000000 27239069696.000000 27028762624.000000 26815909888.000000 27034210304.000000 27429283840.000000 27833079808.000000 26490814464.000000 26363949056.000000 
27369920512.000000 27428558848.000000 26948521984.000000 26070732800.000000 27081717760.000000 27774918656.000000 27523928064.000000 27010232320.000000 27930681344.000000 26888148992.000000 27144833024.000000 26559068160.000000 27013312512.000000 26898583552.000000 26025998336.000000 27210690560.000000 
26743263232.000000 27845128192.000000 26498859008.000000 27710267392.000000 28534171648.000000 27609473024.000000 27774418944.000000 27467632640.000000 26491535360.000000 28047099904.000000 27714625536.000000 27453083648.000000 26488338432.000000 27332831232.000000 26834292736.000000 27240775680.000000 
Overall time: 604.924988 ms


######### 2048x2048 #############################3
❯ ./t2 77.0 2048 2048 2048 2048 2048_A.dat 2048_B.dat result1_2048.dat result2_2048.dat                                                                                                ─╯
Scalar-matrix multiplication time: 2.255000 ms
Matrix-matrix multiplication time: 4325.156250 ms
Matrix Matriz A::
4537273.500000 27990460.000000 39353708.000000 1095313.500000 10161092.000000 34880016.000000 13856391.000000 33318476.000000 10673936.000000 20661496.000000 15976149.000000 8394358.000000 30760104.000000 27370192.000000 1622312.250000 3889129.000000 
24218668.000000 17670096.000000 15741408.000000 39110588.000000 1509476.125000 41457744.000000 36172624.000000 8221182.000000 40824304.000000 2051604.875000 31934568.000000 39667404.000000 6220378.000000 3793879.500000 32827016.000000 10757651.000000 
31784338.000000 30237684.000000 11852965.000000 2390.566406 23174662.000000 25709356.000000 33320868.000000 33848596.000000 4427813.000000 7353975.000000 299915.718750 35187916.000000 34724168.000000 1922228.000000 39077048.000000 16999796.000000 
19592322.000000 12875415.000000 14167344.000000 21101798.000000 12390121.000000 8396926.000000 29322980.000000 11271385.000000 10448531.000000 19314508.000000 8995746.000000 16668909.000000 23108388.000000 41822764.000000 27426560.000000 12949685.000000 
30117408.000000 39279524.000000 12952076.000000 11349029.000000 23045842.000000 4329902.500000 3254587.250000 27473656.000000 11683878.000000 3554502.750000 20718534.000000 4465005.500000 5476730.500000 17852542.000000 21464802.000000 25069052.000000 
30727956.000000 35632144.000000 4227812.000000 1175037.375000 2086031.875000 33550792.000000 12446422.000000 12534562.000000 10922260.000000 21442170.000000 29203472.000000 34030648.000000 21321892.000000 14686992.000000 5037292.000000 9496258.000000 
12023479.000000 17989368.000000 20845288.000000 35069320.000000 22319270.000000 24099876.000000 20599936.000000 34003148.000000 27654378.000000 41318468.000000 38468152.000000 33131108.000000 17227968.000000 17989916.000000 16257121.000000 6012885.000000 
11679020.000000 20484932.000000 7187922.500000 13765052.000000 12092685.000000 19634344.000000 26299616.000000 23014944.000000 41076512.000000 13560048.000000 15102551.000000 20455364.000000 28247040.000000 20139844.000000 29951622.000000 40270516.000000 
38129208.000000 8853871.000000 33396800.000000 18505442.000000 32953744.000000 12053694.000000 10565549.000000 18665082.000000 11429122.000000 7090661.000000 9853149.000000 28657090.000000 25080576.000000 26110270.000000 34669976.000000 36759596.000000 
4652163.000000 41857896.000000 8581609.000000 16744849.000000 19549204.000000 34881224.000000 39759792.000000 18682676.000000 6498231.000000 12919305.000000 39138044.000000 34745272.000000 33059148.000000 27146624.000000 33072750.000000 29245320.000000 
36000496.000000 24526510.000000 5807720.000000 27011200.000000 36580204.000000 16373269.000000 3733242.000000 6066285.000000 23463930.000000 13586391.000000 34723376.000000 6601465.500000 39696660.000000 27450312.000000 1418021.875000 2405784.500000 
27365170.000000 9999631.000000 19150632.000000 4971333.500000 2937814.500000 16967386.000000 23654010.000000 9436045.000000 29886692.000000 20849012.000000 2238276.500000 21002800.000000 6052597.000000 35311028.000000 8305079.500000 110052.656250 
17894496.000000 14112800.000000 27121252.000000 12531658.000000 30486068.000000 30854496.000000 18597942.000000 12006958.000000 2497845.500000 11378279.000000 18608424.000000 251466.687500 38828592.000000 20026444.000000 2657251.000000 24250720.000000 
30026076.000000 21807884.000000 29222056.000000 32963890.000000 38775272.000000 10933025.000000 456895.156250 26718922.000000 31782038.000000 2695171.500000 5778682.500000 37834636.000000 38006196.000000 14083761.000000 37944688.000000 13957654.000000 
28196562.000000 23122900.000000 26489310.000000 16739589.000000 12034354.000000 3144214.000000 28746548.000000 14532200.000000 14522492.000000 5411930.500000 14783666.000000 11408044.000000 25438376.000000 17440918.000000 35658764.000000 13521411.000000 
39248800.000000 22937780.000000 4542261.000000 36081032.000000 33870804.000000 4999156.000000 20856914.000000 23709800.000000 7694328.000000 26635596.000000 19601396.000000 3757486.000000 40719356.000000 15603041.000000 17715138.000000 26972880.000000 
Matrix Matriz B::
1.740523 5.125232 7.256829 2.449937 0.032819 4.457547 8.854706 1.110467 0.292652 1.529296 8.394020 0.484377 1.268811 4.413970 5.671243 2.525432 
3.464395 3.578661 6.001108 2.800176 2.387591 7.683471 5.454934 2.020717 0.507247 1.253996 4.109282 6.582031 2.712535 3.214911 8.113718 4.453058 
8.340143 5.370547 6.902995 8.372962 9.828094 5.757702 9.483429 0.120746 7.286998 7.877450 0.605123 8.555809 2.291420 6.276365 1.081240 5.755815 
9.855026 7.082348 8.555990 2.242618 4.765820 4.010924 4.263334 5.273066 5.264921 8.372617 1.855098 7.977457 1.587528 9.968816 2.430514 9.927671 
5.339363 9.333509 8.300633 5.167458 5.091211 7.784063 5.288203 2.378209 5.661512 5.893326 0.934018 7.952933 2.169692 2.015258 3.708747 2.024719 
9.097606 2.264737 4.267336 3.863425 6.275661 8.530671 9.136492 1.540582 6.903288 0.991589 9.518039 8.490815 0.960405 1.948553 8.418487 6.299768 
1.282063 6.719121 1.467225 6.373274 4.503183 6.755428 8.751483 0.164696 2.648755 9.685500 8.117629 4.818447 1.700758 1.826376 6.843166 0.798364 
4.091113 1.110502 4.661789 0.366775 9.641172 3.798281 1.907357 6.544460 4.789870 1.425396 5.035276 5.750275 3.373949 3.453763 2.050043 4.656012 
0.172883 3.517268 1.029285 4.676066 0.272696 9.780768 4.840763 2.921451 9.466269 2.958391 7.739898 1.167027 4.784767 4.583063 1.965392 8.875880 
5.693565 6.627181 9.242655 5.334738 0.425462 1.150013 1.879198 5.215331 2.575409 6.914474 0.965606 5.949358 0.368236 3.015649 0.605369 0.541120 
6.532917 1.634655 5.217186 6.805613 1.415423 0.057949 9.727064 0.881692 3.016340 7.466961 2.048719 7.801107 2.050025 4.014111 6.676988 7.743590 
0.641292 5.919643 3.078328 1.066754 7.069655 4.957526 6.282085 9.645064 1.872000 7.247691 5.594422 2.240236 0.263340 6.199791 2.781356 6.796257 
7.834446 7.998542 3.601869 9.249869 8.056490 3.328933 0.131561 1.072831 0.795894 2.180280 8.873938 2.845919 6.194391 5.550926 0.589509 6.835682 
1.470569 3.667836 7.902436 8.540224 8.625362 4.184522 8.185289 0.497362 1.432213 3.779711 2.737598 1.695553 9.979502 5.518954 8.491810 7.813949 
3.517496 2.093679 7.063818 1.573986 5.422612 7.195378 2.646817 6.218507 9.375658 1.520755 9.064425 5.570049 7.071681 9.653934 2.405732 8.542249 
3.321770 0.308168 7.082473 1.947133 4.492690 5.267762 2.444494 5.924902 9.047472 5.182092 7.620456 9.026975 0.701046 6.112266 6.840923 4.218542 
Matrix Matriz C::
215368220672.000000 212764721152.000000 222714068992.000000 213935587328.000000 213562769408.000000 208037527552.000000 217024774144.000000 212144226304.000000 215810277376.000000 215102341120.000000 209210933248.000000 212999946240.000000 213275197440.000000 213680488448.000000 216181620736.000000 215538778112.000000 
211697500160.000000 216140824576.000000 213736669184.000000 209940709376.000000 217452101632.000000 214040068096.000000 214195339264.000000 206571765760.000000 217078906880.000000 210377523200.000000 218939506688.000000 216706416640.000000 219467530240.000000 218471809024.000000 216586174464.000000 219351629824.000000 
220288090112.000000 215249715200.000000 218004176896.000000 219255668736.000000 217519980544.000000 214042820608.000000 216062820352.000000 211573571584.000000 214970597376.000000 216047288320.000000 214639476736.000000 213374713856.000000 217730924544.000000 213185642496.000000 219779629056.000000 217088704512.000000 
211401080832.000000 216004902912.000000 210405851136.000000 211083018240.000000 214066561024.000000 206742044672.000000 213968306176.000000 213162115072.000000 210598936576.000000 218282999808.000000 216403542016.000000 215805198336.000000 213023571968.000000 215419600896.000000 214683156480.000000 214078832640.000000 
217891160064.000000 215351525376.000000 216387600384.000000 216071766016.000000 211530612736.000000 212251344896.000000 210970591232.000000 217394724864.000000 218340311040.000000 220126855168.000000 211766870016.000000 209259216896.000000 212917043200.000000 215227531264.000000 211947175936.000000 214319906816.000000 
211423379456.000000 214187016192.000000 214061907968.000000 214971138048.000000 211539607552.000000 211816693760.000000 211510525952.000000 210970624000.000000 215868882944.000000 219451424768.000000 211541573632.000000 215020535808.000000 216899272704.000000 213393342464.000000 213050261504.000000 213203419136.000000 
213161836544.000000 209311219712.000000 215388815360.000000 213352284160.000000 211428491264.000000 219298906112.000000 211064979456.000000 214775529472.000000 214874947584.000000 213028913152.000000 217891995648.000000 214380888064.000000 218444447744.000000 216257265664.000000 212692369408.000000 212776992768.000000 
211287605248.000000 218866843648.000000 217929547776.000000 215043784704.000000 213806104576.000000 215921950720.000000 214132686848.000000 217210011648.000000 211451412480.000000 219584479232.000000 211807895552.000000 217598361600.000000 216184619008.000000 211918962688.000000 212286996480.000000 219498102784.000000 
218589954048.000000 217066602496.000000 215181492224.000000 218486145024.000000 210931957760.000000 210626412544.000000 212459339776.000000 216282038272.000000 218759610368.000000 213494120448.000000 214985900032.000000 216616386560.000000 216559386624.000000 219951693824.000000 214056304640.000000 217759334400.000000 
217716998144.000000 218410172416.000000 221276700672.000000 210451447808.000000 212929036288.000000 217281380352.000000 215320788992.000000 216511332352.000000 214243115008.000000 211998212096.000000 216810815488.000000 213091663872.000000 215851876352.000000 215618453504.000000 214759194624.000000 210112446464.000000 
212044759040.000000 212184924160.000000 217963216896.000000 215662198784.000000 218180599808.000000 210131828736.000000 220540960768.000000 215640866816.000000 215549001728.000000 216219467776.000000 215593549824.000000 217064194048.000000 219164573696.000000 214278995968.000000 213190983680.000000 215676059648.000000 
212316651520.000000 215857446912.000000 213388132352.000000 210993807360.000000 216053628928.000000 220361244672.000000 221042409472.000000 214926884864.000000 211081723904.000000 216840486912.000000 217824706560.000000 216845172736.000000 217721733120.000000 217038635008.000000 214382034944.000000 214033367040.000000 
211614629888.000000 210139398144.000000 216112693248.000000 211753582592.000000 214364831744.000000 217712295936.000000 210143920128.000000 218020003840.000000 216586518528.000000 218440269824.000000 210891931648.000000 212852965376.000000 214837313536.000000 218353680384.000000 217775996928.000000 210870157312.000000 
220676145152.000000 216538890240.000000 217295503360.000000 215722803200.000000 215722065920.000000 214402023424.000000 212773224448.000000 219176730624.000000 211646742528.000000 217799655424.000000 216522588160.000000 218727202816.000000 212162854912.000000 215619715072.000000 211439173632.000000 214341844992.000000 
215653826560.000000 215867998208.000000 210279350272.000000 218913964032.000000 211912540160.000000 215482433536.000000 215315562496.000000 219204304896.000000 210272731136.000000 213401272320.000000 215924260864.000000 216100519936.000000 216580374528.000000 217989644288.000000 219698692096.000000 214491185152.000000 
216514822144.000000 218529595392.000000 218600210432.000000 214155526144.000000 216924389376.000000 214677798912.000000 213059895296.000000 207261876224.000000 224870252544.000000 214111813632.000000 217611026432.000000 208802824192.000000 216263311360.000000 214359244800.000000 210767691776.000000 209190043648.000000 
Overall time: 4390.324219 ms



Análise Comparativa:
    A = e * A
        1024--> 1.752000 ms
        2048-->2.255000 ms
    AxB=C 
        1024--> 588.049011 ms
        2048-->4325.156250 ms
    Overall:
        1024-->604.924988 ms
        2048-->4390.324219 ms

